0
0
0
0
0
0
0
0
0
0
0
0
0
1
0
1
1
2
2
1
6
7
9
8
11
11
21
22
31
32
35
38
45
48
53
70
80
70
85
90
84
115
86
90
102
97
84
91
115
111
83
86
87
85
62
77
86
89
73
74
74
83
83
78
78
72
75
84
72
73
80
60
68
73
65
61
50
46
58
48
52
59
41
52
53
56
55
44
42
28
38
40
40
38
46
39
36
28
43
37
29
33
38
33
39
35
29
33
27
30
28
32
29
30
29
22
20
25
22
23
11
14
23
16
20
15
15
8
15
9
15
12
10
15
14
10
8
12
8
6
6
7
11
7
6
7
6
5
3
1
2
6
4
1
0
2
2
3
4
2
1
4
2
1
4
2
4
3
5
1
1
0
3
4
1
2
5
1
3
1
1
2
1
1
1
3
2
3
2
2
0
0
3
1
1
2
2
4
1
2
2
1
2
1
1
1
4
2
1
0
1
4
2
1
1
2
4
1
3
3
3
2
4
3
1
5
5
2
3
1
2
3
2
4
1
4
4
3
9
7
8
8
11
9
9
9
9
13
22
20
20
21
22
25
27
22
35
35
27
28
33
38
39
37
44
50
46
45
51
59
55
68
69
60
65
50
50
67
67
71
77
70
43
81
59
54
75
86
88
68
71
94
88
102
117
71
80
93
77
93
87
88
106
94
99
121
73
90
110
87
100
83
86
93
82
103
99
89
92
89
88
91
95
87
82
62
73
92
87
88
59
63
52
59
66
53
54
58
57
39
44
42
52
29
36
33
28
39
25
27
33
28
25
28
23
22
32
17
20
25
20
23
10
13
5
10
5